5.0000E-03 1.0000E-02 1.5000E-02 2.0000E-02 2.5000E-02 3.0000E-02
3.5000E-02 4.0000E-02 4.5000E-02 5.0000E-02 5.5000E-02 6.0000E-02 
6.5000E-02 7.0000E-02 7.5000E-02 8.0000E-02 8.5000E-02 9.0000E-02 
9.5000E-02 1.0000E-01 1.2000E-01 1.4000E-01 1.6000E-01 1.8000E-01 
2.0000E-01 2.2000E-01 2.4000E-01 2.6000E-01 2.8000E-01 3.0000E-01 
3.2500E-01 3.5000E-01 3.7500E-01 4.0000E-01 4.2500E-01 4.5000E-01 
4.7500E-01 5.0000E-01 5.2500E-01 5.5000E-01 5.7500E-01 6.0000E-01 
6.2500E-01 6.5000E-01 6.7500E-01 7.0000E-01 7.2500E-01 7.5000E-01 
7.7500E-01 8.0000E-01 8.2500E-01 8.5000E-01 8.7500E-01 9.0000E-01 
9.2500E-01 9.5000E-01 9.7500E-01 1.0000E+00 1.1250E+00 1.2500E+00 
1.3750E+00 1.5000E+00 1.6250E+00 1.7500E+00 1.8750E+00 2.0000E+00 
2.1250E+00 2.2500E+00 2.3750E+00 2.5000E+00 2.6250E+00 2.7500E+00 
2.8750E+00 3.0000E+00 3.1250E+00 3.2500E+00 3.3750E+00 3.5000E+00 
3.6250E+00 3.7500E+00 3.8750E+00 4.0000E+00 4.2000E+00 4.4000E+00 
4.6000E+00 4.8000E+00 5.0000E+00 5.2000E+00 5.4000E+00 5.6000E+00 
5.8000E+00 6.0000E+00 6.2000E+00 6.4000E+00 6.6000E+00 6.8000E+00 
7.0000E+00 7.2000E+00 7.4000E+00 7.6000E+00 7.8000E+00 8.0000E+00 
8.2000E+00 8.4000E+00 8.6000E+00 8.8000E+00 9.0000E+00 9.2000E+00 
9.4000E+00 9.6000E+00 9.8000E+00 1.0000E+01 1.1000E+01 1.2000E+01 
1.3000E+01 1.4000E+01 1.5000E+01 1.6000E+01 1.7000E+01 1.8000E+01 
1.9000E+01 2.0000E+01 
