1.00000E-06 1.04713E-06 1.09648E-06 1.14815E-06 1.20226E-06 
1.25893E-06 1.31826E-06 1.38038E-06 1.44544E-06 1.51356E-06 
1.58489E-06 1.65959E-06 1.73780E-06 1.81970E-06 1.90546E-06 
1.99526E-06 2.08930E-06 2.18776E-06 2.29087E-06 2.39883E-06 
2.51189E-06 2.63027E-06 2.75423E-06 2.88403E-06 3.01995E-06 
3.16228E-06 3.31131E-06 3.46737E-06 3.63078E-06 3.80189E-06 
3.98107E-06 4.16869E-06 4.36516E-06 4.57088E-06 4.78630E-06 
5.01187E-06 5.24807E-06 5.49541E-06 5.75440E-06 6.02560E-06 
6.30957E-06 6.60693E-06 6.91831E-06 7.24436E-06 7.58578E-06 
7.94328E-06 8.31764E-06 8.70964E-06 9.12011E-06 9.54993E-06 
1.00000E-05 1.04713E-05 1.09648E-05 1.14815E-05 1.20226E-05 
1.25893E-05 1.31826E-05 1.38038E-05 1.44544E-05 1.51356E-05 
1.58489E-05 1.65959E-05 1.73780E-05 1.81970E-05 1.90546E-05 
1.99526E-05 2.08930E-05 2.18776E-05 2.29087E-05 2.39883E-05 
2.51189E-05 2.63027E-05 2.75423E-05 2.88403E-05 3.01995E-05 
3.16228E-05 3.31131E-05 3.46737E-05 3.63078E-05 3.80189E-05 
3.98107E-05 4.16869E-05 4.36516E-05 4.57088E-05 4.78630E-05 
5.01187E-05 5.24807E-05 5.49541E-05 5.75440E-05 6.02560E-05 
6.30957E-05 6.60693E-05 6.91831E-05 7.24436E-05 7.58578E-05 
7.94328E-05 8.31764E-05 8.70964E-05 9.12011E-05 9.54993E-05 
1.00000E-04 1.04713E-04 1.09648E-04 1.14815E-04 1.20226E-04 
1.25893E-04 1.31826E-04 1.38038E-04 1.44544E-04 1.51356E-04 
1.58489E-04 1.65959E-04 1.73780E-04 1.81970E-04 1.90546E-04 
1.99526E-04 2.08930E-04 2.18776E-04 2.29087E-04 2.39883E-04 
2.51189E-04 2.63027E-04 2.75423E-04 2.88403E-04 3.01995E-04 
3.16228E-04 3.31131E-04 3.46737E-04 3.63078E-04 3.80189E-04 
3.98107E-04 4.16869E-04 4.36516E-04 4.57088E-04 4.78630E-04 
5.01187E-04 5.24807E-04 5.49541E-04 5.75440E-04 6.02560E-04 
6.30957E-04 6.60693E-04 6.91831E-04 7.24436E-04 7.58578E-04 
7.94328E-04 8.31764E-04 8.70964E-04 9.12011E-04 9.54993E-04 
1.00000E-03 1.04713E-03 1.09648E-03 1.14815E-03 1.20226E-03 
1.25893E-03 1.31826E-03 1.38038E-03 1.44544E-03 1.51356E-03 
1.58489E-03 1.65959E-03 1.73780E-03 1.81970E-03 1.90546E-03 
1.99526E-03 2.08930E-03 2.18776E-03 2.29087E-03 2.39883E-03 
2.51189E-03 2.63027E-03 2.75423E-03 2.88403E-03 3.01995E-03 
3.16228E-03 3.31131E-03 3.46737E-03 3.63078E-03 3.80189E-03 
3.98107E-03 4.16869E-03 4.36516E-03 4.57088E-03 4.78630E-03 
5.01187E-03 5.24807E-03 5.49541E-03 5.75440E-03 6.02560E-03 
6.30957E-03 6.60693E-03 6.91831E-03 7.24436E-03 7.58578E-03 
7.94328E-03 8.31764E-03 8.70964E-03 9.12011E-03 9.54993E-03 
1.00000E-02 1.04713E-02 1.09648E-02 1.14815E-02 1.20226E-02 
1.25893E-02 1.31826E-02 1.38038E-02 1.44544E-02 1.51356E-02 
1.58489E-02 1.65959E-02 1.73780E-02 1.81970E-02 1.90546E-02 
1.99526E-02 2.08930E-02 2.18776E-02 2.29087E-02 2.39883E-02 
2.51189E-02 2.63027E-02 2.75423E-02 2.88403E-02 3.01995E-02 
3.16228E-02 3.31131E-02 3.46737E-02 3.63078E-02 3.80189E-02 
3.98107E-02 4.16869E-02 4.36516E-02 4.57088E-02 4.78630E-02 
5.01187E-02 5.24807E-02 5.49541E-02 5.75440E-02 6.02560E-02 
6.30957E-02 6.60693E-02 6.91831E-02 7.24436E-02 7.58578E-02 
7.94328E-02 8.31764E-02 8.70964E-02 9.12011E-02 9.54993E-02 
1.00000E-01 1.04713E-01 1.09648E-01 1.14815E-01 1.20226E-01 
1.25893E-01 1.31826E-01 1.38038E-01 1.44544E-01 1.51356E-01 
1.58489E-01 1.65959E-01 1.73780E-01 1.81970E-01 1.90546E-01 
1.99526E-01 2.08930E-01 2.18776E-01 2.29087E-01 2.39883E-01 
2.51189E-01 2.63027E-01 2.75423E-01 2.88403E-01 3.01995E-01 
3.16228E-01 3.31131E-01 3.46737E-01 3.63078E-01 3.80189E-01 
3.98107E-01 4.16869E-01 4.36516E-01 4.57088E-01 4.78630E-01 
5.01187E-01 5.24807E-01 5.49541E-01 5.75440E-01 6.02560E-01 
6.30957E-01 6.60693E-01 6.91831E-01 7.24436E-01 7.58578E-01 
7.94328E-01 8.31764E-01 8.70964E-01 9.12011E-01 9.54993E-01 
1.00000E+00 1.04713E+00 1.09648E+00 1.14815E+00 1.20226E+00 
1.25893E+00 1.31826E+00 1.38038E+00 1.44544E+00 1.51356E+00 
1.58489E+00 1.65959E+00 1.73780E+00 1.81970E+00 1.90546E+00 
1.99526E+00 2.08930E+00 2.18776E+00 2.29087E+00 2.39883E+00 
2.51189E+00 2.63027E+00 2.75423E+00 2.88403E+00 3.01995E+00 
3.16228E+00 3.31131E+00 3.46737E+00 3.63078E+00 3.80189E+00 
3.98107E+00 4.16869E+00 4.36516E+00 4.57088E+00 4.78630E+00 
5.01187E+00 5.24807E+00 5.49541E+00 5.75440E+00 6.02560E+00 
6.30957E+00 6.60693E+00 6.91831E+00 7.24436E+00 7.58578E+00 
7.94328E+00 8.31764E+00 8.70964E+00 9.12011E+00 9.54993E+00 
1.00000E+01 1.04713E+01 1.09648E+01 1.14815E+01 1.20226E+01 
1.25893E+01 1.31826E+01 1.38038E+01 1.44544E+01 1.51356E+01 
1.58489E+01 1.65959E+01 1.73780E+01 1.81970E+01 1.90546E+01 
1.99526E+01 2.00000E+01 
